    7.200000              0.055201
   14.400000              0.110402
   21.600000              0.165604
   28.800000              0.220805
   36.000000              0.276006
   43.200000              0.331207
   50.400000              0.386408
   57.600000              0.441610
   64.800000              0.496811
   72.000000              0.552012
   79.200000              0.607213
   86.400000              0.662415
   93.600000              0.717616
  100.800000              0.772817
  108.000000              0.828018
  115.200000              0.883219
  122.400000              0.955114
  129.600000              1.034299
  136.800000              1.113485
  144.000000              1.213276
  151.200000              1.402022
  158.400000              1.590768
  165.600000              1.779515
  172.800000              1.968261
  180.000000              2.395134
  172.800000              2.339933
  165.600000              2.284732
  158.400000              2.229530
  151.200000              2.174329
  144.000000              2.119128
  136.800000              2.063927
  129.600000              2.008725
  122.400000              1.953524
  115.200000              1.898323
  108.000000              1.843122
  100.800000              1.787921
   93.600000              1.732719
   86.400000              1.677518
   79.200000              1.622317
   72.000000              1.567116
   64.800000              1.511915
   57.600000              1.456713
   50.400000              1.401512
   43.200000              1.346311
   36.000000              1.291110
   28.800000              1.235909
   21.600000              1.180707
   14.400000              1.125506
    7.200000              1.070305
   -0.000000              1.015104
   -7.200000              0.959902
  -14.400000              0.904701
  -21.600000              0.849500
  -28.800000              0.794299
  -36.000000              0.739098
  -43.200000              0.683896
  -50.400000              0.628695
  -57.600000              0.573494
  -64.800000              0.518293
  -72.000000              0.463092
  -79.200000              0.407890
  -86.400000              0.352689
  -93.600000              0.297488
 -100.800000              0.233338
 -108.000000              0.154153
 -115.200000              0.074967
 -122.400000             -0.004218
 -129.600000             -0.083404
 -136.800000             -0.162589
 -144.000000             -0.256758
 -151.200000             -0.445505
 -158.400000             -0.634251
 -165.600000             -0.822997
 -172.800000             -1.011744
 -180.000000             -1.200490
 -172.800000             -1.145289
 -165.600000             -1.090088
 -158.400000             -1.034886
 -151.200000             -0.979685
 -144.000000             -0.924484
 -136.800000             -0.869283
 -129.600000             -0.814082
 -122.400000             -0.758880
 -115.200000             -0.703679
 -108.000000             -0.648478
 -100.800000             -0.593277
  -93.600000             -0.538076
  -86.400000             -0.482874
  -79.200000             -0.427673
  -72.000000             -0.372472
  -64.800000             -0.317271
  -57.600000             -0.262069
  -50.400000             -0.206868
  -43.200000             -0.151667
  -36.000000             -0.096466
  -28.800000             -0.041265
  -21.600000              0.013937
  -14.400000              0.069138
   -7.200000              0.124339
   -0.000000              0.179540
