    0.                0.             
    7.2              55.2012E-03     
   14.4             110.402E-03      
   21.6             165.604E-03      
   28.8             220.805E-03      
   36.              276.006E-03      
   43.2             331.207E-03      
   50.4             386.408E-03      
   57.6             441.61E-03       
   64.8             496.811E-03      
   72.              552.012E-03      
   79.2             607.213E-03      
   86.4             662.415E-03      
   93.6             717.616E-03      
  100.8             772.817E-03      
  108.              828.018E-03      
  115.2             883.219E-03      
  122.4             955.114E-03      
  129.6               1.0343         
  136.8               1.11348        
  144.                1.21328        
  151.2               1.40202        
  158.4               1.59077        
  165.6               1.77951        
  172.8               1.96826        
  180.                2.39513        
  172.8               2.33993        
  165.6               2.28473        
  158.4               2.22953        
  151.2               2.17433        
  144.                2.11913        
  136.8               2.06393        
  129.6               2.00873        
  122.4               1.95352        
  115.2               1.89832        
  108.                1.84312        
  100.8               1.78792        
   93.6               1.73272        
   86.4               1.67752        
   79.2               1.62232        
   72.                1.56712        
   64.8               1.51191        
   57.6               1.45671        
   50.4               1.40151        
   43.2               1.34631        
   36.                1.29111        
   28.8               1.23591        
   21.6               1.18071        
   14.4               1.12551        
    7.2               1.0703         
 -159.872E-15         1.0151         
   -7.2             959.902E-03      
  -14.4             904.701E-03      
  -21.6             849.5E-03        
  -28.8             794.299E-03      
  -36.              739.098E-03      
  -43.2             683.896E-03      
  -50.4             628.695E-03      
  -57.6             573.494E-03      
  -64.8             518.293E-03      
  -72.              463.092E-03      
  -79.2             407.89E-03       
  -86.4             352.689E-03      
  -93.6             297.488E-03      
 -100.8             233.338E-03      
 -108.              154.153E-03      
 -115.2              74.9673E-03     
 -122.4              -4.21823E-03    
 -129.6             -83.4037E-03     
 -136.8            -162.589E-03      
 -144.             -256.758E-03      
 -151.2            -445.505E-03      
 -158.4            -634.251E-03      
 -165.6            -822.997E-03      
 -172.8              -1.01174        
 -180.               -1.20049        
 -172.8              -1.14529        
 -165.6              -1.09009        
 -158.4              -1.03489        
 -151.2            -979.685E-03      
 -144.             -924.484E-03      
 -136.8            -869.283E-03      
 -129.6            -814.082E-03      
 -122.4            -758.88E-03       
 -115.2            -703.679E-03      
 -108.             -648.478E-03      
 -100.8            -593.277E-03      
  -93.6            -538.076E-03      
  -86.4            -482.874E-03      
  -79.2            -427.673E-03      
  -72.             -372.472E-03      
  -64.8            -317.271E-03      
  -57.6            -262.069E-03      
  -50.4            -206.868E-03      
  -43.2            -151.667E-03      
  -36.              -96.4658E-03     
  -28.8             -41.2646E-03     
  -21.6              13.9366E-03     
  -14.4              69.1378E-03     
   -7.2             124.339E-03      
    0.              179.54E-03       




